Diodes/LEDs
2531531000000250328233
3504473000000025023686
0691937000000050328292
1766677000000055044579
0386894000000010468825
P1655
0386894000000030548057
2531816000000060044577
2041591000000100000000


ICs
2092518000000050548121
4505976000000001634346
4431086000000115044575
5148847000000045044567
0700473000000050344796
2045729000000030165228
1133683000000135044573
4038010000000018548057
4505976000000025094984
2941792000000005471068


Power stuff
3527100000000010044574
1817324000000100044576
1979789000000025651649
4552432000000005286224
1979789000000050039077
2746870000000025044574
1817324000000010361853
1817326000000050485425
 